1 1.083238 0.281672 // 0.433547 0.649691
1 1.711224 0.724101 // 0.944894 0.766330
1 1.022896 0.261030 // 0.488014 0.534883
1 1.232441 0.371677 // 0.705946 0.526495
1 1.272660 0.372273 // 0.455656 0.817004
1 0.599227 0.087951 // 0.342244 0.256983
1 0.989665 0.074603 // 0.082212 0.907453
1 0.784566 0.071789 // 0.105757 0.678809
1 1.379183 0.408665 // 0.430996 0.948188
1 0.626130 0.086621 // 0.206345 0.419785
1 0.760802 0.113764 // 0.556301 0.204501
1 1.511878 0.570188 // 0.791382 0.720496
1 0.278706 0.001416 // 0.005176 0.273529
1 0.870400 0.147563 // 0.639737 0.230662
1 1.301235 0.412811 // 0.753047 0.548187
1 0.931762 0.171731 // 0.678754 0.253009
1 1.904359 0.905106 // 0.912941 0.991417
1 1.664774 0.692034 // 0.861279 0.803495
1 0.739949 0.103650 // 0.187682 0.552267
1 1.174437 0.268477 // 0.863531 0.310905
1 0.379435 0.034298 // 0.148552 0.230883
1 1.574985 0.618416 // 0.745921 0.829064
1 0.855155 0.180560 // 0.380009 0.475146
1 1.120545 0.265634 // 0.779980 0.340565
1 0.427040 0.012024 // 0.030307 0.396734
1 1.130305 0.135118 // 0.994429 0.135875
1 0.432664 0.046733 // 0.208150 0.224514
1 0.941841 0.216133 // 0.545977 0.395864
1 1.265222 0.396621 // 0.572812 0.692410
1 0.815256 0.165104 // 0.440131 0.375125
1 0.313861 0.024568 // 0.149213 0.164647
1 1.201178 0.358438 // 0.552957 0.648220
1 0.738796 0.113616 // 0.218274 0.520521
1 1.232782 0.379931 // 0.619023 0.613759
1 0.645983 0.083167 // 0.177539 0.468444
1 1.111710 0.185193 // 0.907681 0.204029
1 1.651166 0.681518 // 0.817262 0.833904
1 1.354455 0.456448 // 0.630436 0.724019
1 1.172537 0.318135 // 0.746194 0.426343
1 0.755215 0.046404 // 0.687743 0.067472
1 1.239820 0.253523 // 0.981525 0.258295
1 0.460114 0.049483 // 0.288735 0.171378
1 0.590317 0.062510 // 0.138287 0.452030
1 0.548832 0.048628 // 0.111087 0.437745
1 0.790109 0.149350 // 0.313089 0.477021
1 1.415134 0.500624 // 0.702347 0.712787
1 1.325409 0.408547 // 0.837717 0.487691
1 0.862947 0.144312 // 0.226883 0.636064
1 0.166156 0.006799 // 0.093225 0.072931
1 0.907842 0.053746 // 0.844175 0.063667
1 1.074395 0.260802 // 0.703868 0.370526
1 1.125806 0.226124 // 0.261678 0.864127
1 0.245758 0.014704 // 0.142748 0.103010
1 0.721227 0.130042 // 0.361222 0.360005
1 1.159171 0.258356 // 0.301084 0.858086
1 1.241901 0.385122 // 0.599559 0.642342
1 0.548276 0.066146 // 0.179240 0.369036
1 1.687800 0.698158 // 0.725542 0.962258
1 0.849279 0.117273 // 0.173551 0.675728
1 0.314468 0.013441 // 0.051020 0.263449
1 0.907405 0.204706 // 0.419933 0.487472
1 0.622094 0.024552 // 0.579744 0.042350
1 1.408856 0.464309 // 0.525794 0.883062
1 1.021835 0.259866 // 0.476705 0.545130
1 0.875485 0.021840 // 0.849785 0.025700
1 1.454322 0.482319 // 0.511653 0.942669
1 0.903448 0.027717 // 0.871649 0.031799
1 1.008470 0.236133 // 0.638845 0.369625
1 1.643885 0.670972 // 0.889895 0.753990
1 0.793579 0.046671 // 0.063967 0.729612
1 1.334521 0.431643 // 0.783853 0.550668
1 1.653367 0.672757 // 0.723492 0.929875
1 1.067908 0.268862 // 0.406497 0.661411
1 0.980338 0.240227 // 0.496369 0.483968
1 1.150378 0.317836 // 0.689235 0.461143
1 0.628026 0.042991 // 0.078189 0.549838
1 1.081168 0.141382 // 0.928978 0.152190
1 1.144855 0.279335 // 0.792287 0.352568
1 1.069452 0.275206 // 0.638290 0.431162
1 0.785904 0.080749 // 0.664360 0.121544
1 1.339344 0.375085 // 0.398792 0.940552
1 0.998235 0.141628 // 0.171260 0.826974
1 0.685356 0.010282 // 0.015346 0.670010
1 1.376820 0.434740 // 0.886320 0.490500
1 0.752729 0.141350 // 0.359037 0.393692
1 0.879129 0.181929 // 0.333320 0.545809
1 1.107495 0.220277 // 0.259878 0.847617
1 0.323624 0.017597 // 0.254474 0.069149
1 0.804536 0.047890 // 0.739803 0.064734
1 0.827901 0.168790 // 0.464596 0.363305
1 1.041415 0.195352 // 0.795996 0.245419
1 1.445695 0.519692 // 0.669783 0.775912
1 1.222447 0.332862 // 0.409401 0.813046
1 1.713027 0.731384 // 0.903751 0.809276
1 0.480391 0.036252 // 0.386625 0.093765
1 1.370282 0.447090 // 0.535714 0.834568
1 1.249017 0.296790 // 0.929829 0.319188
1 0.987829 0.232952 // 0.598794 0.389036
1 1.020782 0.219149 // 0.307044 0.713738
1 1.518943 0.550135 // 0.922755 0.596188
