1 0 0 // 0 0
1 1 0 // 0 1
1 2 0 // 0 2
1 3 0 // 0 3
1 4 0 // 0 4
1 5 0 // 0 5
1 6 0 // 0 6
1 7 0 // 0 7
1 8 0 // 0 8
1 9 0 // 0 9
1 1 0 // 1 0
1 2 1 // 1 1
1 3 2 // 1 2
1 4 3 // 1 3
1 5 4 // 1 4
1 6 5 // 1 5
1 7 6 // 1 6
1 8 7 // 1 7
1 9 8 // 1 8
1 10 9 // 1 9
1 2 0 // 2 0
1 3 2 // 2 1
1 4 4 // 2 2
1 5 6 // 2 3
1 6 8 // 2 4
1 7 10 // 2 5
1 8 12 // 2 6
1 9 14 // 2 7
1 10 16 // 2 8
1 11 18 // 2 9
1 3 0 // 3 0
1 4 3 // 3 1
1 5 6 // 3 2
1 6 9 // 3 3
1 7 12 // 3 4
1 8 15 // 3 5
1 9 18 // 3 6
1 10 21 // 3 7
1 11 24 // 3 8
1 12 27 // 3 9
1 4 0 // 4 0
1 5 4 // 4 1
1 6 8 // 4 2
1 7 12 // 4 3
1 8 16 // 4 4
1 9 20 // 4 5
1 10 24 // 4 6
1 11 28 // 4 7
1 12 32 // 4 8
1 13 36 // 4 9
1 5 0 // 5 0
1 6 5 // 5 1
1 7 10 // 5 2
1 8 15 // 5 3
1 9 20 // 5 4
1 10 25 // 5 5
1 11 30 // 5 6
1 12 35 // 5 7
1 13 40 // 5 8
1 14 45 // 5 9
1 6 0 // 6 0
1 7 6 // 6 1
1 8 12 // 6 2
1 9 18 // 6 3
1 10 24 // 6 4
1 11 30 // 6 5
1 12 36 // 6 6
1 13 42 // 6 7
1 14 48 // 6 8
1 15 54 // 6 9
1 7 0 // 7 0
1 8 7 // 7 1
1 9 14 // 7 2
1 10 21 // 7 3
1 11 28 // 7 4
1 12 35 // 7 5
1 13 42 // 7 6
1 14 49 // 7 7
1 15 56 // 7 8
1 16 63 // 7 9
1 8 0 // 8 0
1 9 8 // 8 1
1 10 16 // 8 2
1 11 24 // 8 3
1 12 32 // 8 4
1 13 40 // 8 5
1 14 48 // 8 6
1 15 56 // 8 7
1 16 64 // 8 8
1 17 72 // 8 9
1 9 0 // 9 0
1 10 9 // 9 1
1 11 18 // 9 2
1 12 27 // 9 3
1 13 36 // 9 4
1 14 45 // 9 5
1 15 54 // 9 6
1 16 63 // 9 7
1 17 72 // 9 8
1 18 81 // 9 9
